0.723403 0.210600 0.422725 0.000000
0.056754 0.206763 0.425494 -1.000000
-0.165691 0.823692 0.044415 -0.191006
0.757267 0.050892 -0.019514 -0.316714
0.312988 -0.686184 -0.656911 1.809727
0.340174 -0.818517 -0.612571 1.986921
-0.615172 0.479941 0.339111 0.939617
0.348256 -0.507731 0.931816 -0.264217
0.926422 0.486126 -0.381276 -0.134841
-0.752776 -0.689634 -0.428748 0.602127
-0.078760 -0.804478 -0.950260 2.316927
-0.668781 0.249445 -0.105905 1.132046
0.758051 -0.724400 0.961917 0.716637
-0.774751 0.834047 0.544656 1.575069
0.947815 -0.851954 0.896809 0.941505
