-0.756272 -0.426610 -0.488978 0.000000
-0.131474 -0.302881 -0.685863 -1.000000
-0.280875 0.524990 0.349269 0.661895
0.826924 0.552274 0.220753 1.639466
0.287641 -0.162116 0.752516 1.525106
0.291183 -0.874125 -0.256900 -0.295951
-0.723467 0.315159 -0.550494 -0.839139
-0.952664 -0.542891 -0.205098 -0.208916
0.558994 -0.571522 0.924525 2.418976
0.915816 0.459079 -0.542027 2.682482
-0.707766 -0.452624 -0.263334 -0.214301
-0.301064 0.046345 0.901080 1.047624
0.192291 0.836821 -0.793158 0.781116
0.655399 0.552955 -0.720529 2.226865
-0.894636 -0.416671 -0.454587 -0.079583
