0.390202 0.398876 -0.292154 0.000000
-0.263673 0.284983 -0.229550 -1.000000
0.717012 0.717996 0.376603 0.169643
0.582749 0.597587 -0.687346 -0.073061
0.522137 -0.657277 0.098231 0.036290
0.802500 -0.604196 0.869903 1.756103
0.417232 0.196524 0.205956 -0.451115
0.080844 -0.947649 -0.320334 0.661733
0.388844 0.490887 -0.555969 -0.107119
-0.954508 0.134931 0.403154 0.491242
-0.842845 -0.566320 -0.268393 0.357685
0.982644 -0.459345 0.631219 1.290029
-0.131041 0.288988 0.721518 0.374924
0.403539 0.464680 0.785168 0.489977
-0.078153 0.010723 -0.928055 -0.086927
