0.540930 -0.686105 -0.215334 0.000000
-0.106541 -0.741175 -0.364305 -1.000000
0.637101 -0.403179 -0.886863 -0.601834
0.552230 -0.294532 0.156787 0.192740
0.514790 -0.258775 0.007372 0.158007
0.478551 0.018956 -0.527067 0.201588
0.705572 0.599121 -0.487045 -0.138788
-0.683376 -0.138209 0.219924 0.954520
-0.255109 0.469231 -0.004469 0.606672
-0.818055 0.705683 -0.191271 2.608115
-0.744915 -0.597083 -0.076654 0.497879
0.841945 -0.618681 0.805230 -0.647836
-0.860721 -0.445138 -0.823461 0.298754
-0.554976 -0.233150 0.686072 1.172414
0.336455 -0.061666 -0.330280 0.070132
