0.125660 -0.449000 -0.453783 0.000000
0.168061 -0.043535 0.073706 -1.000000
-0.628824 -0.875808 0.606618 1.088537
-0.680182 0.339536 0.403810 0.603716
0.935757 -0.025006 0.413044 0.252789
0.714817 0.638060 0.800180 1.469994
0.536160 0.880549 0.179599 1.501890
-0.722961 0.979925 0.201362 1.604076
0.353225 -0.420853 0.918797 0.448784
0.676910 0.498740 0.276506 0.843616
-0.913753 -0.712260 0.751332 1.778832
-0.857371 0.508771 -0.668678 0.283282
-0.341905 0.736926 0.950109 1.505977
-0.183704 -0.267658 -0.585525 -0.028541
-0.307607 -0.665765 0.532942 0.400708
