0.506830 0.121763 -0.323956 0.000000
-0.151232 0.227789 -0.336478 -1.000000
-0.167073 0.846548 0.319727 0.702420
0.136023 -0.464534 0.490303 0.198013
-0.962710 -0.466360 -0.313001 0.934203
-0.038783 0.745165 0.635478 1.082569
-0.578320 -0.500257 0.327545 0.978804
0.041614 0.874769 -0.990559 0.267854
-0.262223 -0.990264 -0.886873 -0.064785
-0.815465 0.873757 0.810478 1.428274
0.989324 0.512250 -0.958708 0.054675
0.895376 -0.596529 0.125435 -0.670406
0.001134 0.158254 0.687495 0.152356
-0.984094 0.067329 0.735658 1.365655
0.651480 0.259314 0.468909 -0.479073
