-0.390950 0.846097 0.279859 0.000000
0.126286 0.504128 0.524745 -1.000000
-0.444926 -0.926959 0.844565 0.853202
0.078050 -0.908839 -0.237773 1.324545
0.647034 -0.122319 0.255971 0.886922
-0.986068 -0.812488 -0.451621 1.396504
-0.495738 0.975511 0.796689 -0.052829
-0.523469 0.348028 -0.510924 -0.043921
0.615248 -0.243015 -0.651319 1.474994
0.948289 -0.820276 -0.350553 2.890432
0.689451 -0.716688 0.520790 1.934836
-0.814716 0.296027 -0.012128 -0.085107
-0.731268 -0.305208 0.061941 0.695477
0.806932 0.133896 -0.054116 1.255039
0.639159 0.413126 -0.226617 0.808186
