0.274899 -0.393747 -0.492951 0.000000
-0.337787 -0.248964 -0.712262 -1.000000
-0.576619 0.829243 0.479691 1.126592
-0.323221 0.486911 -0.352076 0.359166
0.939210 0.552342 0.056058 -0.297549
0.052412 0.161992 0.116569 0.520775
0.619981 -0.363412 0.501059 0.703466
0.809533 0.841458 -0.858737 0.040312
0.557757 -0.721144 0.743405 0.562986
0.075516 0.012485 0.124875 0.362657
0.829223 -0.535905 0.435713 0.664858
0.784351 -0.236990 -0.657150 -0.424501
-0.735643 -0.225928 0.033473 0.170042
0.191688 0.710981 0.380619 0.848613
0.748679 -0.368983 0.694076 1.189137
