-0.384317 0.749399 0.070754 0.000000
-0.064119 0.274470 -0.270362 -1.000000
0.334916 -0.101262 -0.710250 0.945410
0.807596 0.409808 -0.153113 0.111385
0.691178 -0.272767 -0.195186 1.492434
-0.939396 -0.881480 0.762953 1.310918
-0.711007 -0.509129 -0.422933 0.951820
-0.412644 -0.268473 -0.958430 0.487149
-0.758014 -0.676537 0.117992 1.077502
-0.247335 -0.253264 0.461336 0.246906
0.337581 0.733635 -0.558398 0.054048
0.404061 -0.457951 -0.218691 1.404815
0.748423 -0.564446 0.637604 0.375104
0.526937 0.182144 -0.976291 1.326315
0.190867 -0.691971 -0.805558 1.529823
