-0.709037 0.041084 -0.593451 0.000000
-0.042374 0.043083 -0.593346 -1.000000
0.594237 0.540979 0.848791 2.806202
0.331312 0.373474 -0.071823 0.703445
-0.083045 -0.786294 -0.820478 0.290200
-0.558283 -0.999182 0.910576 1.811804
0.897398 -0.814544 -0.449414 2.426516
0.592521 -0.451347 0.683039 1.018388
0.891076 -0.794443 -0.810083 2.344306
-0.679543 -0.315673 0.997741 1.334453
-0.604065 0.937513 -0.553918 -0.657472
0.003751 -0.621293 -0.354873 0.246819
0.794903 0.418244 -0.313611 1.378482
0.895215 0.843104 0.692446 3.681242
-0.163856 0.466220 0.171650 0.406157
